X,Y,MACH,TEMP,Pressure,h_g,FLUX
0.0000,0.0460,0.1009,3427.0209,19.8757,1361.5534,3849139.9974
0.0034,0.0460,0.1009,3427.0209,19.8757,1361.5534,3849139.9974
0.0068,0.0460,0.1009,3427.0209,19.8757,1361.5534,3849139.9974
0.0102,0.0460,0.1009,3427.0209,19.8757,1361.5534,3849139.9974
0.0136,0.0460,0.1009,3427.0209,19.8757,1361.5534,3849139.9974
0.0170,0.0460,0.1009,3427.0209,19.8757,1361.5534,3849139.9974
0.0204,0.0460,0.1009,3427.0209,19.8757,1361.5534,3849139.9974
0.0238,0.0460,0.1009,3427.0209,19.8757,1361.5534,3849139.9974
0.0272,0.0460,0.1009,3427.0209,19.8757,1361.5534,3849139.9974
0.0306,0.0460,0.1009,3427.0209,19.8757,1361.5534,3849139.9974
0.0340,0.0460,0.1009,3427.0209,19.8757,1361.5534,3849139.9974
0.0374,0.0460,0.1009,3427.0209,19.8757,1361.5534,3849139.9974
0.0408,0.0460,0.1009,3427.0209,19.8757,1361.5534,3849139.9974
0.0442,0.0460,0.1009,3427.0209,19.8757,1361.5534,3849139.9974
0.0476,0.0460,0.1009,3427.0209,19.8757,1361.5534,3849139.9974
0.0510,0.0460,0.1009,3427.0209,19.8757,1361.5534,3849139.9974
0.0544,0.0460,0.1009,3427.0209,19.8757,1361.5534,3849139.9974
0.0578,0.0460,0.1009,3427.0209,19.8757,1361.5534,3849139.9974
0.0612,0.0460,0.1009,3427.0209,19.8757,1361.5534,3849139.9974
0.0646,0.0460,0.1009,3427.0209,19.8757,1361.5534,3849139.9974
0.0680,0.0460,0.1009,3427.0209,19.8757,1361.5534,3849139.9974
0.0714,0.0460,0.1009,3427.0209,19.8757,1361.5534,3849139.9974
0.0748,0.0460,0.1009,3427.0209,19.8757,1361.5534,3849139.9974
0.0782,0.0460,0.1009,3427.0209,19.8757,1361.5534,3849139.9974
0.0816,0.0460,0.1009,3427.0209,19.8757,1361.5534,3849139.9974
0.0850,0.0460,0.1009,3427.0209,19.8757,1361.5534,3849139.9974
0.0884,0.0460,0.1009,3427.0209,19.8757,1361.5534,3849139.9974
0.0918,0.0460,0.1009,3427.0209,19.8757,1361.5534,3849139.9974
0.0952,0.0460,0.1009,3427.0209,19.8757,1361.5534,3849139.9974
0.0986,0.0460,0.1009,3427.0209,19.8757,1361.5534,3849139.9974
0.1020,0.0460,0.1009,3427.0209,19.8757,1361.5534,3849139.9974
0.1054,0.0460,0.1009,3427.0209,19.8757,1361.5534,3849139.9974
0.1088,0.0460,0.1009,3427.0209,19.8757,1361.5534,3849139.9974
0.1122,0.0460,0.1009,3427.0209,19.8757,1361.5534,3849139.9974
0.1156,0.0460,0.1009,3427.0209,19.8757,1361.5534,3849139.9974
0.1190,0.0460,0.1009,3427.0209,19.8757,1361.5534,3849139.9974
0.1224,0.0460,0.1009,3427.0209,19.8757,1361.5534,3849139.9974
0.1258,0.0460,0.1009,3427.0209,19.8757,1361.5534,3849139.9974
0.1292,0.0460,0.1009,3427.0209,19.8757,1361.5534,3849139.9974
0.1326,0.0460,0.1009,3427.0209,19.8757,1361.5534,3849139.9974
0.1360,0.0460,0.1009,3427.0209,19.8757,1361.5534,3849139.9974
0.1394,0.0460,0.1009,3427.0209,19.8757,1361.5534,3849139.9974
0.1428,0.0460,0.1009,3427.0209,19.8757,1361.5534,3849139.9974
0.1462,0.0460,0.1009,3427.0209,19.8757,1361.5534,3849139.9974
0.1496,0.0460,0.1009,3427.0209,19.8757,1361.5534,3849139.9974
0.1530,0.0460,0.1009,3427.0209,19.8757,1361.5534,3849139.9974
0.1564,0.0460,0.1009,3427.0209,19.8757,1361.5534,3849139.9974
0.1598,0.0460,0.1009,3427.0209,19.8757,1361.5534,3849139.9974
0.1632,0.0460,0.1009,3427.0209,19.8757,1361.5534,3849139.9974
0.1666,0.0460,0.1009,3427.0209,19.8757,1361.5534,3849139.9974
0.1700,0.0460,0.1009,3427.0209,19.8757,1361.5534,3849139.9974
0.1734,0.0460,0.1009,3427.0209,19.8757,1361.5534,3849139.9974
0.1768,0.0460,0.1009,3427.0209,19.8757,1361.5534,3849139.9974
0.1802,0.0460,0.1009,3427.0209,19.8757,1361.5534,3849139.9974
0.1836,0.0460,0.1009,3427.0209,19.8757,1361.5534,3849139.9974
0.1870,0.0460,0.1009,3427.0209,19.8757,1361.5534,3849139.9974
0.1870,0.0460,0.1009,3427.0209,19.8757,1361.5534,3849139.9974
0.1872,0.0460,0.1009,3427.0203,19.8757,1361.6369,3849375.2953
0.1875,0.0460,0.1009,3427.0187,19.8756,1361.8875,3850081.4394
0.1877,0.0460,0.1010,3427.0160,19.8756,1362.3054,3851259.1821
0.1880,0.0460,0.1010,3427.0122,19.8754,1362.8911,3852909.7799
0.1882,0.0460,0.1011,3427.0073,19.8753,1363.6452,3855034.9977
0.1884,0.0460,0.1012,3427.0013,19.8751,1364.5686,3857637.1140
0.1887,0.0460,0.1012,3426.9942,19.8749,1365.6621,3860718.9286
0.1889,0.0459,0.1014,3426.9860,19.8746,1366.9271,3864283.7712
0.1892,0.0459,0.1015,3426.9766,19.8743,1368.3649,3868335.5126
0.1894,0.0459,0.1016,3426.9661,19.8740,1369.9770,3872878.5773
0.1897,0.0458,0.1018,3426.9544,19.8736,1371.7653,3877917.9576
0.1899,0.0458,0.1019,3426.9415,19.8732,1373.7317,3883459.2309
0.1902,0.0458,0.1021,3426.9274,19.8728,1375.8785,3889508.5778
0.1904,0.0457,0.1023,3426.9121,19.8723,1378.2080,3896072.8038
0.1906,0.0457,0.1025,3426.8955,19.8718,1380.7229,3903159.3623
0.1909,0.0456,0.1027,3426.8777,19.8712,1383.4261,3910776.3811
0.1911,0.0456,0.1030,3426.8585,19.8706,1386.3208,3918932.6909
0.1914,0.0455,0.1032,3426.8380,19.8699,1389.4103,3927637.8575
0.1916,0.0455,0.1035,3426.8161,19.8692,1392.6984,3936902.2172
0.1919,0.0454,0.1038,3426.7928,19.8685,1396.1890,3946736.9153
0.1921,0.0453,0.1041,3426.7680,19.8677,1399.8863,3957153.9488
0.1923,0.0453,0.1044,3426.7417,19.8669,1403.7951,3968166.2133
0.1926,0.0452,0.1048,3426.7139,19.8660,1407.9202,3979787.5549
0.1928,0.0451,0.1051,3426.6844,19.8651,1412.2669,3992032.8261
0.1931,0.0450,0.1055,3426.6533,19.8641,1416.8409,4004917.9489
0.1933,0.0449,0.1059,3426.6205,19.8631,1421.6482,4018459.9827
0.1936,0.0449,0.1064,3426.5858,19.8620,1426.6955,4032677.1996
0.1938,0.0448,0.1068,3426.5494,19.8608,1431.9896,4047589.1677
0.1941,0.0447,0.1073,3426.5109,19.8596,1437.5380,4063216.8422
0.1943,0.0446,0.1078,3426.4705,19.8583,1443.3488,4079582.6664
0.1945,0.0445,0.1083,3426.4279,19.8570,1449.4305,4096710.6828
0.1948,0.0444,0.1088,3426.3831,19.8556,1455.7923,4114626.6569
0.1950,0.0442,0.1094,3426.3361,19.8541,1462.4440,4133358.2134
0.1953,0.0441,0.1099,3426.2866,19.8525,1469.3963,4152934.9878
0.1955,0.0440,0.1106,3426.2345,19.8509,1476.6605,4173388.7950
0.1958,0.0439,0.1112,3426.1798,19.8492,1484.2487,4194753.8173
0.1960,0.0438,0.1119,3426.1223,19.8474,1492.1742,4217066.8138
0.1963,0.0436,0.1126,3426.0618,19.8455,1500.4510,4240367.3549
0.1965,0.0435,0.1133,3425.9981,19.8435,1509.0944,4264698.0858
0.1967,0.0433,0.1141,3425.9312,19.8413,1518.1208,4290105.0219
0.1970,0.0432,0.1149,3425.8607,19.8391,1527.5480,4316637.8825
0.1972,0.0430,0.1157,3425.7865,19.8368,1537.3951,4344350.4678
0.1975,0.0429,0.1166,3425.7083,19.8343,1547.6831,4373301.0863
0.1977,0.0427,0.1175,3425.6259,19.8317,1558.4346,4403553.0417
0.1980,0.0425,0.1184,3425.5389,19.8290,1569.6741,4435175.1873
0.1982,0.0424,0.1194,3425.4471,19.8261,1581.4285,4468242.5628
0.1984,0.0422,0.1205,3425.3501,19.8230,1593.7271,4502837.1254
0.1987,0.0420,0.1216,3425.2476,19.8198,1606.6021,4539048.5941
0.1989,0.0418,0.1227,3425.1390,19.8164,1620.0886,4576975.4295
0.1992,0.0416,0.1240,3425.0239,19.8128,1634.2255,4616725.9743
0.1994,0.0414,0.1252,3424.9017,19.8089,1649.0555,4658419.7897
0.1997,0.0412,0.1266,3424.7720,19.8049,1664.6261,4702189.2274
0.1999,0.0409,0.1280,3424.6339,19.8005,1680.9900,4748181.2910
0.2002,0.0407,0.1295,3424.4867,19.7959,1698.2059,4796559.8527
0.2004,0.0405,0.1310,3424.3296,19.7909,1716.3395,4847508.3113
0.2004,0.0405,0.1310,3424.3296,19.7909,1716.3395,4847508.3113
0.2007,0.0402,0.1330,3424.1331,19.7848,1738.6704,4910236.4321
0.2010,0.0399,0.1349,3423.9291,19.7783,1761.4562,4974227.5931
0.2013,0.0396,0.1370,3423.7174,19.7717,1784.7098,5039516.1497
0.2016,0.0393,0.1390,3423.4976,19.7648,1808.4441,5106137.6230
0.2018,0.0390,0.1412,3423.2692,19.7576,1832.6728,5174128.7464
0.2021,0.0387,0.1433,3423.0320,19.7502,1857.4099,5243527.5136
0.2024,0.0384,0.1455,3422.7853,19.7424,1882.6700,5314373.2303
0.2027,0.0382,0.1478,3422.5289,19.7344,1908.4682,5386706.5661
0.2030,0.0379,0.1502,3422.2621,19.7260,1934.8202,5460569.6108
0.2033,0.0376,0.1525,3421.9846,19.7173,1961.7421,5536005.9314
0.2036,0.0373,0.1550,3421.6957,19.7083,1989.2509,5613060.6329
0.2039,0.0370,0.1575,3421.3949,19.6988,2017.3640,5691780.4210
0.2042,0.0367,0.1601,3421.0816,19.6890,2046.0995,5772213.6680
0.2045,0.0364,0.1627,3420.7551,19.6788,2075.4763,5854410.4810
0.2047,0.0361,0.1654,3420.4148,19.6682,2105.5140,5938422.7740
0.2050,0.0358,0.1682,3420.0599,19.6571,2136.2328,6024304.3421
0.2053,0.0356,0.1710,3419.6896,19.6455,2167.6538,6112110.9396
0.2056,0.0353,0.1739,3419.3032,19.6334,2199.7990,6201900.3608
0.2059,0.0350,0.1769,3418.8997,19.6208,2232.6912,6293732.5246
0.2062,0.0347,0.1800,3418.4782,19.6076,2266.3540,6387669.5625
0.2065,0.0344,0.1832,3418.0378,19.5939,2300.8123,6483775.9098
0.2068,0.0341,0.1864,3417.5773,19.5795,2336.0915,6582118.4010
0.2071,0.0338,0.1898,3417.0956,19.5645,2372.2185,6682766.3683
0.2074,0.0335,0.1932,3416.5915,19.5488,2409.2211,6785791.7439
0.2076,0.0332,0.1967,3416.0637,19.5324,2447.1283,6891269.1662
0.2079,0.0329,0.2004,3415.5108,19.5152,2485.9702,6999276.0891
0.2082,0.0327,0.2041,3414.9313,19.4972,2525.7785,7109892.8957
0.2085,0.0324,0.2080,3414.3236,19.4783,2566.5859,7223203.0140
0.2088,0.0321,0.2119,3413.6859,19.4586,2608.4266,7339293.0374
0.2091,0.0318,0.2160,3413.0164,19.4378,2651.3364,7458252.8464
0.2094,0.0315,0.2202,3412.3131,19.4160,2695.3527,7580175.7342
0.2097,0.0312,0.2246,3411.5739,19.3932,2740.5143,7705158.5331
0.2100,0.0309,0.2291,3410.7964,19.3691,2786.8621,7833301.7427
0.2103,0.0306,0.2337,3409.9780,19.3439,2834.4384,7964709.6581
0.2105,0.0303,0.2385,3409.1162,19.3173,2883.2878,8099490.4976
0.2108,0.0300,0.2434,3408.2078,19.2893,2933.4569,8237756.5279
0.2111,0.0298,0.2485,3407.2498,19.2598,2984.9942,8379624.1851
0.2114,0.0295,0.2538,3406.2385,19.2287,3037.9506,8525214.1901
0.2117,0.0292,0.2593,3405.1704,19.1959,3092.3796,8674651.6541
0.2120,0.0289,0.2650,3404.0411,19.1613,3148.3370,8828066.1721
0.2123,0.0286,0.2708,3402.8462,19.1248,3205.8812,8985591.8997
0.2126,0.0283,0.2769,3401.5807,19.0861,3265.0737,9147367.6073
0.2129,0.0280,0.2832,3400.2393,19.0452,3325.9789,9313536.7059
0.2132,0.0277,0.2898,3398.8159,19.0019,3388.6642,9484247.2352
0.2134,0.0274,0.2966,3397.3040,18.9559,3453.2006,9659651.8047
0.2137,0.0271,0.3036,3395.6963,18.9072,3519.6625,9839907.4740
0.2140,0.0269,0.3110,3393.9849,18.8554,3588.1280,10025175.5557
0.2143,0.0266,0.3187,3392.1609,18.8003,3658.6793,10215621.3209
0.2146,0.0263,0.3267,3390.2143,18.7417,3731.4029,10411413.5806
0.2149,0.0260,0.3350,3388.1340,18.6792,3806.3895,10612724.1088
0.2152,0.0257,0.3437,3385.9078,18.6125,3883.7348,10819726.8653
0.2155,0.0254,0.3528,3383.5215,18.5413,3963.5393,11032596.9607
0.2158,0.0251,0.3624,3380.9596,18.4650,4045.9089,11251509.2925
0.2160,0.0248,0.3724,3378.2042,18.3833,4130.9551,11476636.7544
0.2163,0.0245,0.3829,3375.2348,18.2956,4218.7954,11708147.8929
0.2163,0.0245,0.3829,3375.2348,18.2956,4218.7954,11708147.8929
0.2166,0.0243,0.3920,3372.6009,18.2180,4293.6421,11904556.2484
0.2168,0.0241,0.4011,3369.8918,18.1386,4367.8202,12098389.4315
0.2171,0.0238,0.4104,3367.1058,18.0571,4441.3223,12289608.4951
0.2173,0.0236,0.4196,3364.2412,17.9737,4514.1373,12478164.1587
0.2176,0.0234,0.4290,3361.2964,17.8883,4586.2509,12663998.0918
0.2178,0.0232,0.4384,3358.2699,17.8008,4657.6457,12847044.0178
0.2180,0.0230,0.4479,3355.1601,17.7113,4728.3020,13027228.6741
0.2183,0.0228,0.4575,3351.9653,17.6198,4798.1973,13204472.6565
0.2185,0.0227,0.4671,3348.6842,17.5261,4867.3074,13378691.1701
0.2188,0.0225,0.4768,3345.3152,17.4304,4935.6062,13549794.7046
0.2190,0.0223,0.4866,3341.8568,17.3326,5003.0656,13717689.6465
0.2193,0.0221,0.4964,3338.3076,17.2327,5069.6565,13882278.8416
0.2195,0.0220,0.5064,3334.6661,17.1307,5135.3481,14043462.1152
0.2198,0.0218,0.5164,3330.9308,17.0265,5200.1085,14201136.7575
0.2200,0.0217,0.5265,3327.1005,16.9203,5263.9050,14355197.9805
0.2202,0.0215,0.5367,3323.1737,16.8119,5326.7037,14505539.3512
0.2205,0.0214,0.5469,3319.1491,16.7014,5388.4700,14652053.2043
0.2207,0.0213,0.5573,3315.0253,16.5889,5449.1688,14794631.0381
0.2210,0.0211,0.5677,3310.8011,16.4742,5508.7641,14933163.8963
0.2212,0.0210,0.5782,3306.4752,16.3574,5567.2200,15067542.7369
0.2215,0.0209,0.5888,3302.0464,16.2386,5624.4997,15197658.7902
0.2217,0.0208,0.5995,3297.5134,16.1177,5680.5665,15323403.9073
0.2220,0.0207,0.6102,3292.8750,15.9947,5735.3835,15444670.8998
0.2222,0.0206,0.6211,3288.1302,15.8697,5788.9137,15561353.8715
0.2224,0.0204,0.6320,3283.2778,15.7427,5841.1203,15673348.5418
0.2227,0.0203,0.6430,3278.3168,15.6137,5891.9665,15780552.5624
0.2229,0.0203,0.6541,3273.2460,15.4828,5941.4158,15882865.8261
0.2232,0.0202,0.6653,3268.0645,15.3499,5989.4320,15980190.7685
0.2234,0.0201,0.6766,3262.7712,15.2151,6035.9795,16072432.6622
0.2237,0.0200,0.6879,3257.3654,15.0785,6081.0230,16159499.9030
0.2239,0.0199,0.6994,3251.8460,14.9400,6124.5277,16241304.2878
0.2241,0.0198,0.7109,3246.2122,14.7997,6166.4599,16317761.2846
0.2244,0.0198,0.7225,3240.4632,14.6577,6206.7861,16388790.2931
0.2246,0.0197,0.7342,3234.5982,14.5140,6245.4742,16454314.8955
0.2249,0.0196,0.7460,3228.6165,14.3685,6282.4925,16514263.0983
0.2251,0.0196,0.7579,3222.5173,14.2215,6317.8105,16568567.5625
0.2254,0.0195,0.7699,3216.3001,14.0728,6351.3990,16617165.8232
0.2256,0.0194,0.7819,3209.9642,13.9227,6383.2295,16660000.4977
0.2259,0.0194,0.7941,3203.5091,13.7710,6413.2750,16697019.4809
0.2261,0.0193,0.8063,3196.9342,13.6180,6441.5095,16728176.1278
0.2263,0.0193,0.8186,3190.2390,13.4635,6467.9087,16753429.4234
0.2266,0.0192,0.8310,3183.4232,13.3078,6492.4492,16772744.1379
0.2268,0.0192,0.8435,3176.4864,13.1508,6515.1096,16786090.9677
0.2271,0.0192,0.8560,3169.4281,12.9926,6535.8694,16793446.6618
0.2273,0.0191,0.8687,3162.2482,12.8332,6554.7101,16794794.1326
0.2276,0.0191,0.8814,3154.9463,12.6728,6571.6146,16790122.5510
0.2278,0.0191,0.8943,3147.5223,12.5114,6586.5674,16779427.4257
0.2281,0.0191,0.9072,3139.9760,12.3491,6599.5548,16762710.6659
0.2283,0.0190,0.9202,3132.3073,12.1859,6610.5646,16739980.6275
0.2285,0.0190,0.9333,3124.5160,12.0219,6619.5865,16711252.1429
0.2288,0.0190,0.9464,3116.6023,11.8572,6626.6119,16676546.5327
0.2290,0.0190,0.9597,3108.5660,11.6918,6631.6340,16635891.6023
0.2293,0.0190,0.9731,3100.4073,11.5258,6634.6478,16589321.6199
0.2295,0.0190,0.9865,3092.1262,11.3593,6635.6501,16536877.2781
0.2298,0.0190,1.0000,3083.7228,11.1924,6634.6396,16478605.5426
0.2298,0.0190,1.0000,3083.7228,11.1924,6634.6396,16478605.5426
0.2298,0.0190,1.0066,3079.5850,11.1109,6633.4182,16448123.9708
0.2299,0.0190,1.0133,3075.4180,11.0294,6631.7194,16416277.2714
0.2300,0.0190,1.0199,3071.2217,10.9477,6629.5432,16383070.9170
0.2301,0.0190,1.0266,3066.9959,10.8660,6626.8899,16348510.3888
0.2301,0.0190,1.0333,3062.7405,10.7843,6623.7596,16312601.2721
0.2302,0.0190,1.0400,3058.4553,10.7024,6620.1525,16275349.2541
0.2303,0.0190,1.0468,3054.1402,10.6205,6616.0688,16236760.1222
0.2304,0.0190,1.0535,3049.7948,10.5386,6611.5087,16196839.7610
0.2304,0.0190,1.0603,3045.4191,10.4566,6606.4726,16155594.1500
0.2305,0.0190,1.0671,3041.0128,10.3745,6600.9606,16113029.3608
0.2306,0.0190,1.0740,3036.5758,10.2925,6594.9730,16069151.5536
0.2307,0.0190,1.0808,3032.1078,10.2103,6588.5102,16023966.9742
0.2307,0.0190,1.0877,3027.6086,10.1282,6581.5724,15977481.9496
0.2308,0.0191,1.0946,3023.0781,10.0460,6574.1600,15929702.8847
0.2309,0.0191,1.1016,3018.5159,9.9638,6566.2732,15880636.2573
0.2310,0.0191,1.1085,3013.9219,9.8816,6557.9124,15830288.6142
0.2310,0.0191,1.1155,3009.2959,9.7993,6549.0780,15778666.5657
0.2311,0.0191,1.1225,3004.6375,9.7171,6539.7703,15725776.7807
0.2312,0.0191,1.1296,2999.9465,9.6348,6529.9896,15671625.9812
0.2313,0.0191,1.1366,2995.2228,9.5526,6519.7363,15616220.9361
0.2313,0.0191,1.1437,2990.4659,9.4703,6509.0108,15559568.4553
0.2314,0.0192,1.1509,2985.6757,9.3881,6497.8134,15501675.3831
0.2315,0.0192,1.1580,2980.8518,9.3059,6486.1445,15442548.5909
0.2316,0.0192,1.1652,2975.9939,9.2237,6474.0043,15382194.9704
0.2316,0.0192,1.1724,2971.1018,9.1415,6461.3933,15320621.4254
0.2317,0.0192,1.1797,2966.1751,9.0593,6448.3117,15257834.8636
0.2318,0.0193,1.1869,2961.2135,8.9772,6434.7599,15193842.1885
0.2319,0.0193,1.1942,2956.2167,8.8951,6420.7382,15128650.2896
0.2319,0.0193,1.2016,2951.1842,8.8130,6406.2467,15062266.0330
0.2320,0.0193,1.2089,2946.1157,8.7310,6391.2858,14994696.2516
0.2321,0.0193,1.2163,2941.0109,8.6490,6375.8557,14925947.7338
0.2322,0.0194,1.2238,2935.8693,8.5670,6359.9565,14856027.2124
0.2322,0.0194,1.2312,2930.6905,8.4851,6343.5884,14784941.3527
0.2323,0.0194,1.2387,2925.4741,8.4033,6326.7514,14712696.7396
0.2324,0.0195,1.2463,2920.2196,8.3215,6309.4457,14639299.8645
0.2325,0.0195,1.2539,2914.9266,8.2398,6291.6712,14564757.1104
0.2325,0.0195,1.2615,2909.5945,8.1581,6273.4279,14489074.7377
0.2326,0.0195,1.2691,2904.2229,8.0765,6254.7156,14412258.8673
0.2327,0.0196,1.2768,2898.8112,7.9949,6235.5341,14334315.4641
0.2328,0.0196,1.2846,2893.3588,7.9135,6215.8832,14255250.3187
0.2328,0.0196,1.2923,2887.8651,7.8321,6195.7625,14175069.0280
0.2329,0.0197,1.3002,2882.3296,7.7507,6175.1716,14093776.9748
0.2330,0.0197,1.3080,2876.7516,7.6695,6154.1098,14011379.3056
0.2331,0.0197,1.3159,2871.1304,7.5883,6132.5766,13927880.9072
0.2331,0.0198,1.3239,2865.4652,7.5072,6110.5711,13843286.3812
0.2332,0.0198,1.3319,2859.7555,7.4262,6088.0924,13757600.0175
0.2333,0.0199,1.3399,2854.0002,7.3452,6065.1395,13670825.7645
0.2334,0.0199,1.3480,2848.1988,7.2644,6041.7110,13582967.1984
0.2334,0.0199,1.3561,2842.3501,7.1836,6017.8057,13494027.4891
0.2335,0.0200,1.3643,2836.4535,7.1029,5993.4220,13404009.3638
0.2336,0.0200,1.3726,2830.5078,7.0222,5968.5580,13312915.0677
0.2337,0.0201,1.3809,2824.5121,6.9417,5943.2117,13220746.3206
0.2337,0.0201,1.3892,2818.4653,6.8612,5917.3810,13127504.2712
0.2338,0.0202,1.3976,2812.3662,6.7808,5891.0634,13033189.4456
0.2339,0.0202,1.4061,2806.2137,6.7005,5864.2559,12937801.6925
0.2339,0.0202,1.4052,2806.8859,6.7093,5867.1974,12948235.3474
0.2347,0.0207,1.4844,2748.8851,5.9888,5603.5503,12041385.6052
0.2355,0.0211,1.5463,2703.1844,5.4667,5384.5193,11324637.1428
0.2363,0.0215,1.5975,2665.1167,5.0608,5196.7288,10731851.6682
0.2371,0.0219,1.6415,2632.3205,4.7311,5032.2120,10227067.6059
0.2380,0.0222,1.6802,2603.4141,4.4552,4885.7869,9788254.0881
0.2388,0.0226,1.7148,2577.5114,4.2193,4753.8713,9400834.5436
0.2396,0.0229,1.7462,2554.0069,4.0142,4633.8747,9054622.8933
0.2404,0.0232,1.7751,2532.4665,3.8334,4523.8572,8742202.4469
0.2412,0.0235,1.8017,2512.5677,3.6724,4422.3253,8457996.3167
0.2420,0.0237,1.8265,2494.0635,3.5276,4328.1024,8197700.7518
0.2428,0.0240,1.8497,2476.7604,3.3965,4240.2443,7957922.5962
0.2437,0.0242,1.8716,2460.5037,3.2770,4157.9805,7735938.0455
0.2445,0.0245,1.8922,2445.1675,3.1674,4080.6739,7529526.7905
0.2453,0.0247,1.9118,2430.6481,3.0664,4007.7910,7336854.7972
0.2461,0.0249,1.9304,2416.8587,2.9729,3938.8807,7156389.4768
0.2469,0.0252,1.9481,2403.7261,2.8861,3873.5577,6986837.0222
0.2477,0.0254,1.9651,2391.1879,2.8052,3811.4903,6827095.2776
0.2485,0.0256,1.9814,2379.1903,2.7294,3752.3910,6676217.7219
0.2493,0.0258,1.9971,2367.6868,2.6584,3696.0085,6533385.5530
0.2502,0.0260,2.0121,2356.6368,2.5916,3642.1221,6397885.7734
0.2510,0.0262,2.0266,2346.0045,2.5286,3590.5369,6269093.7886
0.2518,0.0264,2.0406,2335.7584,2.4691,3541.0800,6146459.4451
0.2526,0.0266,2.0542,2325.8705,2.4128,3493.5968,6029495.7204
0.2534,0.0268,2.0673,2316.3158,2.3593,3447.9491,5917769.4833
0.2542,0.0270,2.0800,2307.0718,2.3086,3404.0125,5810893.8825
0.2550,0.0271,2.0923,2298.1185,2.2602,3361.6748,5708522.0333
0.2559,0.0273,2.1043,2289.4375,2.2142,3320.8342,5610341.7429
0.2567,0.0275,2.1159,2281.0123,2.1702,3281.3984,5516071.0770
0.2575,0.0277,2.1273,2272.8279,2.1282,3243.2831,5425454.6108
0.2583,0.0278,2.1383,2264.8707,2.0880,3206.4114,5338260.2423
0.2591,0.0280,2.1491,2257.1279,2.0494,3170.7126,5254276.4681
0.2599,0.0282,2.1596,2249.5882,2.0124,3136.1221,5173310.0456
0.2607,0.0283,2.1698,2242.2409,1.9769,3102.5801,5095183.9753
0.2615,0.0285,2.1799,2235.0763,1.9428,3070.0316,5019735.7538
0.2624,0.0286,2.1896,2228.0852,1.9100,3038.4256,4946815.8545
0.2632,0.0288,2.1992,2221.2594,1.8784,3007.7150,4876286.4015
0.2640,0.0289,2.2086,2214.5911,1.8479,2977.8561,4808020.0067
0.2648,0.0291,2.2178,2208.0731,1.8185,2948.8079,4741898.7495
0.2656,0.0292,2.2268,2201.6986,1.7901,2920.5328,4677813.2755
0.2664,0.0294,2.2356,2195.4614,1.7627,2892.9951,4615661.9996
0.2672,0.0295,2.2442,2189.3556,1.7362,2866.1619,4555350.3998
0.2680,0.0297,2.2527,2183.3757,1.7106,2840.0022,4496790.3879
0.2689,0.0298,2.2610,2177.5165,1.6857,2814.4870,4439899.7492
0.2697,0.0300,2.2692,2171.7734,1.6617,2789.5890,4384601.6408
0.2705,0.0301,2.2772,2166.1415,1.6384,2765.2827,4330824.1422
0.2713,0.0302,2.2851,2160.6168,1.6158,2741.5441,4278499.8518
0.2721,0.0304,2.2928,2155.1952,1.5938,2718.3504,4227565.5230
0.2729,0.0305,2.3004,2149.8729,1.5725,2695.6802,4177961.7367
0.2737,0.0306,2.3079,2144.6463,1.5518,2673.5135,4129632.6044
0.2746,0.0308,2.3153,2139.5119,1.5317,2651.8311,4082525.4998
0.2754,0.0309,2.3226,2134.4666,1.5122,2630.6150,4036590.8150
0.2762,0.0310,2.3297,2129.5073,1.4932,2609.8481,3991781.7388
0.2770,0.0312,2.3368,2124.6311,1.4747,2589.5143,3948054.0552
0.2778,0.0313,2.3437,2119.8353,1.4567,2569.5981,3905365.9588
0.2786,0.0314,2.3505,2115.1172,1.4391,2550.0851,3863677.8868
